1
1
1
1
1
1
1
1
1
1
1
1
1
1
1
1
1
1
1
1
1
1
1
1
1
1
18
14
14
14
14
14
14
1
1
1
1
1
1
1
14
19
18
14
19
1
13
4
2
2
2
2
5
15
1
1
1
1
1
1
0
15
13
0
15
18
11
3
0
0
0
0
3
15
1
1
1
1
1
1
0
8
11
0
8
11
4
6
0
9
10
0
3
15
1
1
1
1
1
1
2
2
2
2
2
2
6
0
0
15
13
0
3
15
1
1
1
1
1
1
0
0
0
0
0
0
0
0
0
15
13
0
3
15
1
1
1
1
1
1
10
0
0
0
0
0
0
0
0
8
11
0
3
15
1
1
1
1
1
1
17
10
0
0
0
0
0
0
0
0
0
0
3
15
1
1
1
1
1
1
1
17
10
0
0
0
0
0
4
2
2
2
6
8
14
19
1
1
1
1
1
1
17
10
0
0
0
0
3
0
0
0
0
0
0
8
14
14
14
14
1
1
1
17
12
10
0
0
3
0
0
0
0
0
0
0
4
2
2
2
1
1
1
1
1
13
0
0
3
0
0
0
0
0
0
0
3
0
0
0
1
1
1
1
1
13
0
0
3
0
0
0
0
0
0
0
3
9
12
12
1
1
1
1
1
13
0
0
3
0
0
0
0
0
0
0
3
15
1
1
1
1
1
1
1
13
0
0
7
2
2
2
2
2
2
2
6
15
1
1
1
1
1
1
1
17
12
12
10
0
0
0
0
0
0
9
12
16
1
1
1
1
1
1
1
1
1
1
17
12
12
12
12
12
12
16
1
1
1
1
1
1
1
1
1
1
1
1
1
1
1
1
1
1
1
1
1
1
1
1
1
1
1
1
1
1
1
1
1
1
1
1
1
1
1
1
1
1
1
1
0
5
19
11
