1
1
1
1
18
14
14
14
14
14
14
14
14
14
14
14
14
14
14
14
1
1
1
1
13
0
0
0
0
0
0
0
0
0
0
0
0
0
0
0
1
1
1
1
13
0
4
2
2
2
5
0
0
0
0
0
0
0
0
0
1
1
1
1
13
0
3
0
0
0
3
0
0
0
4
2
2
2
5
0
1
1
1
1
13
0
3
0
0
0
3
0
0
0
3
0
0
0
3
0
1
1
1
1
13
0
3
0
0
0
3
0
0
0
3
0
0
0
3
0
1
1
1
1
13
0
3
0
0
0
3
0
0
0
3
0
0
0
3
0
1
1
1
1
13
0
3
0
0
0
3
0
0
0
3
9
12
10
3
0
1
1
1
1
13
0
3
0
0
0
3
0
0
0
3
15
1
13
3
0
1
1
1
1
13
0
3
0
0
0
3
0
0
0
3
15
1
13
3
0
1
1
1
1
13
0
3
0
0
0
3
0
0
0
3
15
1
13
3
0
1
1
1
1
13
0
3
0
0
0
3
0
0
0
3
15
1
13
3
0
1
1
1
1
13
0
3
0
0
0
3
0
0
0
3
15
1
13
3
0
1
1
1
1
13
0
3
0
0
0
3
0
0
0
3
15
1
13
3
0
14
14
14
14
11
0
3
0
0
0
3
0
0
0
3
15
1
13
3
0
0
0
0
0
0
0
3
0
0
0
3
0
0
0
3
15
1
13
3
0
2
2
2
2
2
2
6
0
0
0
3
0
0
0
3
15
1
13
3
0
0
0
0
0
9
12
10
0
0
0
7
2
2
2
6
15
1
13
7
2
0
0
0
0
15
1
17
12
12
12
12
12
12
12
12
16
1
17
12
12
0
0
0
0
15
1
1
1
1
1
1
1
1
1
1
1
1
1
1
1
0
16
19
17
