1
1
13
0
0
0
15
1
1
1
1
1
1
1
1
1
1
1
1
1
14
14
11
0
0
0
8
14
14
14
14
19
1
1
1
1
1
1
1
1
2
2
2
2
2
2
2
2
2
2
5
15
1
1
1
1
1
1
1
1
12
12
10
0
0
0
9
12
12
10
3
15
1
1
1
1
1
1
1
1
1
1
13
0
0
0
15
1
1
13
3
15
1
1
1
1
1
1
1
1
1
1
17
12
12
12
16
1
1
13
3
15
1
1
1
1
1
1
1
1
1
1
1
1
1
1
1
1
1
13
3
15
1
1
1
1
1
1
1
1
1
1
1
1
1
1
1
1
1
13
3
15
1
1
1
1
1
1
1
1
1
1
1
1
1
1
1
1
1
13
3
15
1
1
1
1
1
1
1
1
1
1
1
1
1
1
1
1
1
13
3
15
1
1
1
1
1
1
1
1
1
1
1
1
1
1
1
1
1
13
3
8
14
14
14
14
14
14
14
14
1
1
1
1
1
1
1
1
18
11
3
0
0
0
0
0
0
0
0
0
1
1
1
1
1
1
1
1
13
0
3
0
0
0
4
2
5
0
0
0
1
1
1
1
1
1
1
1
13
0
3
0
0
0
3
0
3
0
0
0
1
1
1
1
1
1
1
1
13
0
3
0
0
0
3
0
3
0
0
0
1
1
1
1
1
1
1
1
13
0
3
0
0
0
3
0
3
0
0
0
1
1
1
1
1
1
1
1
13
0
3
0
0
0
3
0
3
0
0
0
1
1
1
1
1
1
1
1
13
0
3
0
0
0
3
0
7
2
2
2
1
1
1
1
1
1
1
1
13
0
7
2
2
2
6
0
0
0
0
0
1
1
1
1
1
1
1
1
13
0
0
0
0
0
0
0
0
0
0
0
0
2
19
17
