0
0
0
0
15
1
1
1
1
1
1
1
1
1
1
1
1
1
1
1
0
0
0
0
8
19
1
1
1
1
1
1
1
1
1
1
1
1
1
1
2
2
2
5
0
8
19
1
1
1
1
1
1
1
1
1
1
1
1
1
0
0
0
3
0
0
8
14
14
14
19
1
1
1
1
1
1
1
1
1
12
10
0
7
2
5
0
0
0
0
15
1
1
1
1
1
1
1
1
1
1
17
10
0
0
7
2
5
0
0
15
1
1
1
1
1
1
1
1
1
1
1
17
10
0
0
0
3
0
0
15
1
1
1
1
1
1
1
1
1
1
1
1
17
10
0
0
3
0
0
8
19
1
1
1
1
1
1
1
1
1
1
1
1
13
0
0
7
2
5
0
8
19
1
1
1
1
1
1
1
1
1
1
1
17
10
0
0
0
3
0
0
8
19
1
1
1
1
1
1
1
1
1
1
1
17
10
0
0
7
2
2
5
8
19
1
1
1
1
1
1
1
1
1
1
1
17
12
10
0
0
0
3
0
8
19
1
18
14
14
1
1
1
1
1
1
1
1
17
10
0
0
3
0
0
8
19
13
0
0
1
1
1
1
1
1
1
1
1
17
10
0
7
2
2
5
8
11
0
0
1
1
1
1
1
1
1
1
1
1
17
10
0
0
0
3
0
0
0
0
1
1
1
1
1
1
1
1
1
1
1
17
10
0
0
3
0
0
0
0
1
1
1
1
1
1
1
1
1
1
1
1
17
10
0
7
2
2
2
2
1
1
1
1
1
1
1
1
1
1
1
1
1
13
0
0
0
0
0
0
1
1
1
1
1
1
1
1
1
1
1
1
1
17
12
12
12
12
12
12
1
1
1
1
1
1
1
1
1
1
1
1
1
1
1
1
1
1
1
1
0
2
19
16
