0
0
0
0
0
0
0
0
0
0
0
0
0
0
0
0
0
0
0
0
0
0
0
0
0
0
0
0
0
0
0
0
0
0
0
0
0
0
0
0
2
2
2
2
2
2
2
2
2
2
2
2
2
2
2
2
2
5
0
0
0
0
0
0
0
0
0
0
0
0
0
0
0
0
0
0
0
3
0
0
0
0
0
0
0
0
9
12
12
12
12
12
12
12
12
10
0
3
0
0
12
10
0
0
0
0
15
18
14
14
14
14
14
14
19
13
0
3
0
0
1
13
0
0
0
0
15
13
0
0
0
0
0
0
15
13
0
3
0
0
1
13
0
0
0
0
15
17
12
12
10
0
0
9
16
13
0
3
0
0
1
13
0
0
0
0
8
14
14
19
17
12
12
16
18
11
0
3
0
0
1
13
0
0
4
2
2
2
5
8
14
14
14
14
11
0
0
3
0
0
1
13
0
0
3
9
12
10
7
2
2
2
2
2
5
0
0
3
0
0
1
13
0
0
3
15
1
1
12
12
12
12
12
10
3
0
0
3
0
0
1
13
0
0
3
15
1
1
1
1
1
1
1
13
3
0
4
3
2
5
1
13
0
0
3
15
1
1
1
1
1
1
18
11
3
0
7
6
0
3
1
13
0
0
3
8
14
14
14
14
14
14
11
0
3
0
0
0
0
3
1
13
0
0
3
0
0
0
0
0
0
0
0
0
7
2
2
2
2
6
1
13
0
0
3
0
0
0
0
0
0
0
0
0
0
0
0
0
0
0
1
13
0
0
7
2
2
2
2
2
2
2
2
2
2
2
2
2
2
2
1
13
0
0
0
0
0
0
0
0
0
0
0
9
12
12
12
12
12
12
1
17
12
12
12
12
12
12
12
12
12
12
12
16
1
1
1
1
1
1
0
2
19
17
