0
0
0
0
0
15
13
0
0
9
12
12
12
12
10
0
0
0
0
0
2
2
2
2
5
15
17
12
12
16
1
1
1
1
17
10
0
0
0
0
12
10
0
0
3
15
1
1
1
1
1
1
1
1
1
17
10
0
0
0
1
13
0
0
3
15
1
1
1
1
1
1
1
1
1
1
17
10
0
0
18
11
0
0
3
8
14
14
14
14
14
14
14
14
14
14
19
17
10
0
13
0
0
0
7
2
2
2
2
2
2
2
2
2
2
5
15
1
13
0
13
0
0
0
0
0
0
0
0
0
0
0
0
0
0
3
15
1
13
0
13
0
0
0
0
0
0
0
0
0
0
0
0
0
0
3
15
1
13
0
13
0
0
0
0
0
0
0
0
0
0
0
0
0
0
3
15
1
13
0
13
0
0
0
4
2
2
2
2
2
2
2
2
2
2
6
15
1
13
0
13
0
0
0
3
0
0
0
0
0
0
0
0
0
0
0
15
1
13
0
13
0
0
0
3
0
0
0
0
0
0
0
0
0
0
0
15
1
13
0
0
0
0
0
3
0
9
12
12
12
12
12
12
12
12
12
16
1
13
0
0
0
0
0
3
0
15
1
1
1
1
1
1
1
1
1
1
1
13
0
0
0
0
0
3
0
8
14
14
14
14
14
14
14
14
14
14
19
17
10
0
0
0
0
3
0
0
0
0
0
0
0
0
0
0
0
0
15
1
13
0
0
0
0
3
0
0
0
0
0
0
0
0
0
0
0
0
8
14
11
0
0
0
0
7
2
2
2
2
2
2
2
2
2
2
2
2
5
0
0
0
0
0
0
0
0
0
0
0
0
0
0
0
0
0
0
0
7
2
2
0
0
0
0
0
0
0
0
0
0
0
0
0
0
0
0
0
0
0
0
0
1
19
18
